7	15	44	49	
1	19	
1	19	
3	4	15	18	35	44	
2	4	7	9	23	
14	21	44	
4	12	31	36	44	48	
15	27	28	
2	28	
3	18	35	
23	24	40	41	43	
20	43	48	
49	
1	19	26	
5	22	39	
16	32	45	
4	6	9	10	16	22	
1	19	23	
7	11	37	45	
3	18	32	35	
1	8	19	47	
34	39	44	
13	19	
4	9	38	
7	22	48	
7	11	14	
23	24	40	41	43	
9	14	
0	2	42	
13	35	
23	
8	21	25	38	
4	46	
23	24	40	41	43	
4	17	29	47	
12	31	36	
14	22	26	37	44	
0	16	30	32	45	47	
1	11	19	25	27	29	46	
15	16	18	21	26	
4	10	14	
3	36	
23	27	28	
15	21	40	
10	19	25	32	
11	22	44	
8	
0	2	46	
33	42	
28	39	
7	17	28	
1	19	
32	34	
0	2	46	
15	30	45	
39	49	
46	
4	9	19	
0	2	16	19	46	
17	21	40	
2	4	6	9	39	
23	24	40	41	43	
13	27	28	
40	
12	14	44	
27	28	
1	36	
12	31	36	48	
3	18	35	
5	12	16	
30	49	
7	29	30	
17	19	30	
1	13	36	
19	33	49	
1	5	14	38	
31	
1	5	8	14	22	26	
7	27	30	36	37	43	
13	35	42	
5	22	32	
7	11	20	28	37	45	
23	24	40	41	
3	5	14	22	36	
12	31	36	48	
45	
12	31	36	48	
14	44	
5	19	22	34	43	
0	2	45	46	
16	32	45	47	48	
1	48	
1	3	18	35	
7	11	37	45	
16	26	32	41	45	
1	29	30	
1	19	
1	
14	22	37	
22	34	40	
31	
16	17	43	
8	19	20	48	
1	12	15	27	31	34	36	48	
3	40	45	
13	18	21	41	47	48	
3	18	22	27	
6	16	17	31	33	42	
5	22	27	35	
7	15	49	
6	12	26	29	31	32	36	48	
11	13	14	44	
23	33	35	
5	8	18	29	46	
41	
1	3	8	27	28	
1	11	19	33	
23	24	40	41	
16	18	23	27	29	30	40	49	
14	18	44	
0	2	46	
3	18	35	
12	31	36	48	
7	11	20	29	37	45	
2	24	27	
5	13	22	
22	42	46	47	
39	41	
13	23	
1	24	40	42	
14	20	26	44	
12	31	36	48	
7	21	27	28	33	36	47	
17	29	47	
12	31	36	
4	9	11	
3	11	14	18	29	35	
20	33	42	
22	44	46	
5	6	16	22	33	38	49	
0	2	12	24	26	31	46	
0	6	25	
5	19	22	
11	13	14	35	48	
17	29	35	44	47	
7	15	
5	22	
0	1	2	46	
4	9	18	41	
1	12	18	19	39	
0	2	19	22	46	
33	37	42	
0	2	37	46	
11	18	35	45	
4	9	15	
19	24	28	35	49	
5	22	37	
0	2	5	19	33	35	39	46	
3	4	5	48	
4	6	18	28	35	
3	18	31	35	
6	17	25	49	
17	
3	8	9	20	22	23	42	
4	15	17	21	26	36	48	
14	41	44	
19	28	42	
4	9	
13	31	33	41	42	
5	22	28	
0	16	32	
5	28	43	
24	36	37	42	
31	
40	42	
11	34	48	
14	28	40	43	
0	13	26	
16	32	45	
10	14	44	46	
4	7	9	19	36	
23	24	40	41	43	
4	9	37	
5	22	31	
21	24	29	
0	6	22	46	
3	18	21	35	39	46	
12	31	36	38	48	
28	
23	24	40	41	43	
12	24	
6	27	28	
23	24	40	41	43	
27	28	
5	14	16	22	
5	22	
27	28	44	47	
5	22	
0	2	46	
0	10	30	
15	33	42	
4	9	40	
1	36	
23	24	40	41	
25	27	28	32	
7	11	37	45	
20	48	
7	11	37	45	
9	27	28	
7	11	37	
1	2	9	22	48	
7	27	39	45	
1	6	8	15	18	19	21	42	
23	24	40	41	
4	14	20	32	36	44	
16	32	45	
18	26	42	45	
2	11	23	
11	15	35	
31	39	43	45	46	
0	2	28	40	46	
13	24	26	35	39	47	
7	21	23	30	36	
23	40	47	
5	22	
1	5	19	30	
7	15	49	
7	11	37	45	
23	31	34	45	
7	29	48	
27	28	
24	44	
4	5	9	39	
5	22	25	28	34	46	
23	32	48	
16	42	
5	22	
4	9	15	25	
1	12	16	17	19	26	48	
1	3	16	19	35	
11	12	
4	9	10	12	45	
12	31	36	46	48	
17	28	47	
3	18	35	
4	9	
7	11	37	45	
5	12	22	
6	14	38	48	
9	10	34	36	42	
3	18	35	
3	
14	27	
0	1	19	
3	18	24	35	
12	31	36	48	
19	31	41	
1	11	14	32	34	35	
5	14	28	39	49	
9	14	21	46	
6	
5	22	31	
11	40	
0	2	46	
23	24	40	41	43	
3	14	23	44	
18	22	42	49	
3	24	
12	31	36	48	
20	25	27	
15	30	39	
7	15	49	
12	31	36	48	
16	18	32	42	
27	31	33	42	
5	9	22	43	
2	4	36	40	41	48	
19	28	30	32	
2	31	39	44	
1	2	19	21	23	28	45	
7	10	14	16	23	32	45	
4	9	14	36	44	
21	29	
9	13	17	46	
38	39	
1	8	19	
0	33	42	
2	33	36	47	
12	31	36	
28	
16	27	28	
7	15	49	
8	21	24	33	34	40	42	44	
1	14	26	32	41	
23	33	42	
14	21	23	24	
0	2	46	
11	29	
1	23	33	42	47	
16	32	45	
3	4	9	33	37	43	
19	25	30	43	46	
0	2	46	
16	17	34	
5	21	22	25	27	31	42	
5	12	16	31	36	
8	22	42	
3	27	36	
16	32	45	
12	31	36	48	
5	22	
7	11	37	45	
9	13	20	21	24	39	41	45	
1	9	15	24	37	
4	9	
18	35	45	
0	2	46	
5	10	14	47	
1	4	10	14	25	36	49	
12	34	
7	15	49	
23	28	
1	19	
0	2	46	
1	2	19	
7	11	37	45	
29	33	38	45	48	
4	9	24	
1	19	23	30	44	
5	13	
12	31	36	48	
0	2	46	
5	14	20	24	28	31	39	46	
4	9	13	33	43	46	
5	14	22	29	
2	8	10	19	35	45	
14	24	34	44	
5	22	28	30	47	
0	28	47	
7	15	49	
5	9	28	41	
1	7	11	37	
26	
44	
0	2	46	
5	10	26	30	
8	12	14	33	44	47	
3	4	27	42	
9	11	40	45	
3	4	9	11	12	47	
5	22	35	
26	29	45	
4	9	31	
0	13	27	28	31	36	
17	32	47	
1	31	41	
14	43	44	
18	35	
5	10	16	
33	37	
4	30	31	
9	14	25	
14	44	
23	27	28	
9	18	22	
5	8	22	
10	29	
3	15	16	20	33	45	
4	8	12	25	34	
9	26	28	
7	9	15	49	
3	48	49	
5	21	30	31	43	
4	9	
1	19	28	
4	9	26	33	47	
1	13	19	41	
15	18	41	
14	28	48	
5	22	47	
49	
7	15	49	
8	28	47	
8	25	29	
0	4	10	21	
41	
5	23	26	44	
25	
4	9	
12	17	26	29	31	47	
3	18	35	
7	11	34	37	45	
9	13	18	23	25	33	40	
15	
5	17	22	40	48	
23	33	46	
7	15	49	
16	32	45	
7	15	49	
1	48	
2	
36	39	49	
3	4	10	
34	36	
7	17	34	35	46	
5	22	
32	34	36	42	
14	46	
3	18	29	35	37	48	
27	33	42	
27	28	
27	28	
4	9	13	21	
1	5	7	10	21	22	30	31	
7	15	49	
4	5	14	23	42	
17	29	47	
30	
5	33	42	
27	28	31	
7	15	49	
16	32	45	
1	2	8	25	32	
12	13	
16	44	
0	17	24	
26	
4	10	27	28	43	
14	
4	19	47	
33	42	
47	
8	17	23	29	43	47	
0	5	33	46	
9	18	35	38	40	47	
2	4	11	39	
4	5	9	23	24	
4	24	32	
8	47	
2	19	
2	4	9	40	
0	2	46	
11	19	33	42	
16	32	45	
5	7	22	32	42	
4	33	47	
19	27	36	
1	28	40	
23	
4	9	31	33	
4	28	47	
25	27	34	49	
3	18	35	
9	27	28	
14	15	35	36	
14	27	28	
12	16	34	
0	2	13	18	24	36	46	47	
14	32	44	
16	32	45	
2	8	16	
7	15	49	
14	26	30	39	44	
1	23	32	
0	12	20	22	49	
16	20	32	49	
23	24	40	41	
1	3	29	41	42	43	46	
5	16	25	48	
17	29	47	
11	16	32	45	
4	9	13	
17	47	
11	32	
12	33	42	46	
23	24	40	41	
9	13	14	33	38	49	
14	15	26	47	
3	18	35	
3	21	44	
3	46	
9	
16	24	30	31	48	
19	
33	42	
4	34	
23	24	40	41	43	
5	22	
10	31	
4	17	40	47	
39	47	
14	15	31	
5	26	33	42	44	
13	30	38	
2	3	18	35	47	
12	31	36	48	
17	27	28	
17	29	47	
14	44	
0	2	46	
0	21	33	39	
14	27	44	
12	31	36	
5	18	
7	11	37	45	
0	20	
23	30	
0	14	16	32	
8	
13	26	27	28	46	
4	9	12	17	37	
10	20	37	
3	7	11	21	23	
21	31	32	
0	1	5	23	32	42	44	
0	2	46	
34	37	47	
16	28	32	45	
3	18	35	
0	5	23	33	35	46	48	
14	28	29	44	
13	15	24	
8	22	23	
11	14	26	28	41	43	45	
22	39	
7	11	37	45	
0	2	15	16	22	35	46	
41	42	
6	9	30	
4	13	37	45	49	
0	16	
14	27	28	37	48	
13	28	
13	18	
14	29	31	35	41	49	
15	34	46	48	
15	28	
3	18	35	
12	31	36	48	
33	35	42	
16	32	45	
7	9	15	43	
7	11	37	45	
12	31	36	48	
14	
5	8	14	21	33	38	
0	3	10	38	40	
10	14	18	47	
11	37	38	
1	3	18	19	35	
3	5	22	
9	24	27	34	
4	7	9	
0	12	35	
28	29	37	
9	11	28	33	41	
14	44	
4	11	41	43	
17	47	
16	20	27	32	45	
2	14	42	
4	9	21	43	
17	29	47	
23	28	33	42	
6	46	
3	18	35	
5	9	14	18	40	
4	9	34	
13	14	43	44	
27	28	
16	32	
6	14	22	
0	10	41	
0	18	27	31	34	37	39	47	
5	7	22	
4	7	
7	15	49	
4	15	
1	16	18	20	25	29	36	46	
13	30	42	
24	25	31	
4	7	15	18	
5	22	
28	
23	33	42	
44	
15	19	27	28	
0	11	18	23	47	
5	22	
7	11	37	
7	11	37	45	
6	16	33	39	42	
23	24	40	41	
0	9	30	31	
1	32	48	
2	27	28	43	
1	19	
35	
3	10	18	35	
4	9	12	48	
1	6	19	
7	15	49	
20	22	27	
13	
15	16	26	
3	18	35	
19	
5	22	
1	19	
12	36	37	39	
2	3	10	34	
30	44	
13	20	22	47	
4	12	26	45	
13	27	35	36	
0	2	46	
7	10	
1	2	34	39	
7	11	37	45	
39	43	44	
3	14	30	
2	12	30	32	49	
1	19	32	
10	21	28	31	
9	17	27	28	45	
10	11	16	32	
12	31	36	48	
3	18	29	35	40	
23	24	40	41	43	
14	17	29	44	47	
38	
0	2	46	
3	18	20	35	
17	29	43	47	
0	6	19	26	43	
3	18	35	
5	21	26	27	28	39	42	49	
12	31	36	48	
0	2	30	46	47	
5	22	33	
14	33	42	
0	30	43	46	
11	17	35	47	
0	2	46	
16	32	45	
20	37	39	42	
14	30	44	
36	39	
1	17	25	37	41	49	
30	36	44	
12	31	36	48	
24	27	28	34	39	45	48	
0	37	46	
18	25	44	
4	9	
5	22	
33	42	
0	26	27	28	
5	
2	22	33	42	
7	15	49	
4	9	13	17	37	
5	22	35	38	47	
0	2	46	
27	28	39	42	
12	31	36	48	
27	28	
16	32	45	49	
21	40	
5	22	48	
23	33	39	42	45	
1	7	25	
33	42	
16	19	32	38	45	
7	23	30	46	
42	
2	10	23	42	
26	30	48	
7	15	49	
12	25	39	48	
16	17	33	47	49	
49	
27	45	
1	11	21	42	43	
8	9	22	
27	28	
0	2	26	43	46	
16	32	45	
10	22	39	
7	11	14	18	23	
5	22	43	
17	23	29	47	
1	2	15	19	
7	11	37	45	
5	12	22	44	
8	11	22	37	
20	29	
7	9	11	13	37	39	45	
7	11	37	45	
3	36	42	49	
16	32	45	
21	35	
0	2	46	
10	18	44	
6	15	21	27	28	34	41	46	
7	11	37	45	
16	40	
37	43	
7	15	29	49	
12	31	36	48	
5	22	24	
12	13	14	32	
4	5	9	32	
10	40	44	
3	18	35	
1	13	20	31	45	
37	47	48	
4	9	
1	19	
4	12	31	
10	33	
14	44	
5	15	34	
23	36	
5	29	32	35	42	
3	11	29	
4	6	8	10	18	22	35	37	
21	24	27	
33	39	
27	28	
6	10	44	
22	
0	46	
16	32	45	
3	9	37	42	44	
19	21	23	27	30	
5	19	30	
5	15	19	22	23	
5	22	
3	18	35	
17	29	47	
12	26	31	36	41	48	
3	18	35	
10	
7	15	
28	43	49	
12	27	28	
1	19	
17	21	
0	18	24	43	48	
16	32	45	
0	11	33	
3	
9	15	40	
12	30	49	
45	
23	24	40	41	43	
14	40	44	
15	41	47	
27	28	29	
0	2	23	46	
7	8	11	20	
6	15	22	32	
5	13	26	
2	20	
1	7	15	48	
34	45	
12	24	31	46	
26	27	28	
23	24	40	41	
20	27	29	
26	
27	28	
1	13	29	
11	23	25	36	38	45	
17	29	47	
22	30	39	
33	42	45	47	
0	2	12	39	41	46	49	
12	31	36	48	
12	17	27	43	45	
17	47	
12	31	36	48	
8	20	29	32	46	
10	22	23	26	36	
7	20	26	44	47	
2	18	27	28	33	
14	21	23	24	30	42	46	
18	35	
1	
0	14	20	44	46	
5	7	11	24	27	
0	18	25	39	
1	19	27	
23	24	40	41	43	
16	
0	6	28	33	35	46	48	
1	19	44	
17	29	47	
6	31	
23	24	40	41	43	
33	42	
1	3	19	29	31	44	
17	29	47	
27	31	32	36	46	
16	32	45	
1	19	34	44	
0	2	7	18	48	
14	19	
7	15	49	
5	13	22	30	
17	29	47	
13	27	28	42	48	
1	5	22	
4	9	
7	11	37	45	
0	3	7	22	37	39	40	
1	19	
22	26	
33	37	42	
4	8	13	27	28	46	
27	28	40	
27	28	
33	42	
5	22	
14	22	44	
16	32	45	
3	16	28	48	
22	23	24	39	
15	26	28	33	36	
7	15	49	
15	22	27	31	33	40	
18	35	41	43	49	
4	9	
12	31	36	
1	19	28	31	38	44	48	
4	9	18	
6	32	34	
15	42	
13	27	28	36	
7	15	22	37	43	49	
7	30	43	
15	25	49	
22	33	41	
34	
4	14	21	25	41	
20	23	33	42	
9	13	22	42	45	
0	14	22	29	46	
1	19	
3	16	32	45	
4	9	
4	9	21	39	
3	18	39	
4	13	32	
17	29	47	
12	31	36	48	
14	15	
23	46	
5	22	
3	18	35	
12	22	47	48	
3	5	18	35	
23	24	40	41	
22	
8	12	16	18	29	34	49	
33	34	42	44	
13	23	24	41	
23	24	40	41	43	
13	25	
5	36	41	42	
5	22	31	37	47	
5	7	20	
4	14	16	37	44	
3	18	35	
8	21	29	33	42	
5	14	18	
27	
14	20	22	24	
1	3	14	31	44	45	47	
29	36	41	46	
16	32	45	
23	24	40	41	43	
7	11	19	38	42	43	47	
0	27	28	32	
0	2	28	41	46	
23	24	40	41	43	
3	18	35	
14	31	
8	14	44	
3	14	18	22	35	
1	3	30	
6	12	41	44	
11	30	43	
7	15	49	
0	2	46	
1	17	38	43	
25	36	
7	9	27	
5	13	22	
12	31	36	48	
26	39	43	
12	26	38	
1	16	20	40	
23	24	40	41	43	
6	28	37	38	49	
14	16	17	18	26	31	
37	44	
11	30	
22	28	41	48	
12	31	36	48	
4	5	7	21	
3	9	18	35	41	
5	27	28	42	
5	22	31	
33	42	
4	9	15	
7	11	37	45	
23	24	40	41	43	
40	
1	8	14	19	
14	31	44	
6	28	33	39	
0	6	16	30	39	47	
12	31	36	
1	36	46	
27	42	44	
4	9	
20	
5	22	
10	16	26	
13	36	42	
12	33	42	47	
4	27	28	
1	19	39	
1	16	32	
12	31	36	
16	32	41	45	
16	33	42	
12	13	31	35	36	41	44	
6	9	19	24	44	
23	24	40	41	43	
5	12	31	36	48	
0	2	20	44	46	
3	18	35	
4	12	14	19	32	48	
41	
0	14	44	
1	10	13	19	25	26	33	39	
7	15	16	
4	29	46	
14	20	40	43	
7	38	
3	18	45	47	
19	29	43	
9	16	
0	20	42	
5	10	32	33	39	44	
27	28	
5	22	25	29	37	43	
19	
4	16	34	
9	17	44	45	
7	15	29	
7	11	27	37	39	45	49	
12	31	36	48	
34	49	
31	
25	33	42	45	
16	27	32	45	
25	41	
6	9	15	24	25	40	45	
7	8	9	11	29	37	45	
21	36	
5	7	14	17	22	
38	40	
2	7	15	22	25	33	41	
27	28	
16	32	45	
8	18	28	
13	
41	
27	28	38	48	
3	18	35	
16	20	32	36	
16	32	45	
4	9	
22	31	39	
0	2	46	
34	
0	2	46	
0	
3	6	13	
3	29	44	
9	27	28	45	
2	10	22	31	33	46	
2	6	22	32	
0	4	9	30	33	
3	18	35	
15	34	47	